845026768
5862455040
1016921736
1775586227
6278504491
1071032833
1396924582
6151870714
5671343625
6106640233
5763576162
5498135427
1428795909
1456853193
5880074591
6077641600
5793125188
5951755867
6116535103
1418340533
5982536211
6191420444
5658909787
5233174573
5416111538
1471568275
1678379725
6257386748
5466589308
6279697817
2104832172
6291136223
1419715669
5875186757
5547853951
6290071549
545380768
5073285850
1249577044
1281248836
6094561197
2098698534
5978493331
1474398354
6133075541
1698210481
333533443
1756770329
6237703435
5970155941
228998237
6096986081
5719079358
5750315025
6153119586
6253363575
5470834162
1869006779
6034290535
936546957
5334953082
5922634969
5548472601
5935285553
1900813502
1045241120
-1001834866606
6186264417
5043469424
969487230
5723475089
1614644989
2143163276
6131488396
5807756340
5122849349
1441247247
5776254030
839249110
5554754531
5454834152
5779826666
6257344509
117580991
5631257569
5313775936
6281921563
5483170350
6225580314
5816161276
5448058628
716613679
5711907690
5499266184
1153553976
5801202022
6067857287
596489383
1435194547
5874527523
859416755
6065938923
6237882841
6282489129
6207999679
5738104524
925885985
5886380935
962269203
5845163859
5842555272
1496060256
5759470920
5102603766
6240435210
6143415272
1474402160
5059576080
1348287836
6266633502
5988332955
5744927298
5897125478
5385158829
1540455408
5921052887
5606938792
1488114134
5829723333
1302527647
5001983584
1113344964
6130524871
1023399454
6175572965
6039557323
5997280874
1167087611
5257609014
1929030129
5791308886
5941654453
5261292264
5801202022
6240343393
1424494198
6279048311
5592969541
5058425445
1430149152
1107763870
640651161
6279916111
5667990676
6007128727
1432762919
5127012947
2125821972
1481670498
6061206123
2093955362
5876238408
5855403172
6001046789
6237897838
2066649686
6236535013
5641191028
1162417605
1474233839
601002582
5861134842
817880277
5949737275
6127949973
6123612195
6105501333
1228532096
1719092814
6040016133
6086077212
5742674353
6149922446
5962847005
5012406813
5786619614
1636989036
1439346742
1546150357
1400512221
1350498284
5534729421
1297538486
1414708307
2013493029
5812064814
5847769797
1588803717
5068191789
5945760201
5804385040
6046928430
2132789167
5783278013
1392146197
623402038
5018989956
6084433560
5928368168
5221938906
1088076106
5384865850
6129684794
5174153124
5689661549
-1001828433073
1405496148
5859769228
5642970782
6151602625
1490410514
1663768729
6173143082
6138399915
1514116368
5730889461
5754730035
5862334802
6162029418
5087362561
5841284050
5850200535
5617357345
5402196151
5620395405
6147906599
6204098131
5676267404
5829606509
6191497753
475438120
-1001984447198
219693022
6074785552
5693914475
1395245119
1054061347
6076431416
5749233588
1682604772
5805977956
5849426247
5866503961
6109257371
5779986906
2140341070
1938276557
5831595268
193942817
764658740
5870103746
6044772409
5495620228
1612743827
5978046382
1140231535
5661981616
6033624495
1101037060
5175547446
5266952249
5660937165
646447841
5484784205
1773103957
5632370983
2128920324
5669829053
1485149817
2072356046
6297634806
1435424928
1958593872
5417021597
1531449415
6191429803
5130500358
643196594
5201941193
6288394070
1967548493
1224893587
6039521280
5858214517
5700699836
1797233180
5860074477
5889374867
2044362805
1027829465
2005162306
1868925103
5678644855
1567692502
6297643111
1012860718
5021722219
1607997334
1401937917
1040564072
942170830
2082976840
1485394249
6000106136
6144810049
6209688920
1181544819
1429229022
5785837773
6062179351
5604897962
6126658715
1990777998
5968030681
6049241139
5949319165
6051165547
2069112486
6186953218
5467600529
1921921448
5786121997
6199739505
5668964524
5170335013
5635105772
6061563788
5140440270
5758069294
5855737058
6061206123
1946962360
6116585232
573647752
5230124574
5661243879
6089276916
1977483973
5551818240
5869593475
1900830227
1317517244
1686484854
6125252680
1378835138
1482193774
5636745260
1888150806
5727735802
3164144
6211463501
6135030024
6151979307
6171480153
1889692464
5039789047
5463860173
1437070243
5851726798
5126820240
5682392396
800327291
6041890764
5991191314
5476901148
653791729
1551099820
6192680714
6038142195
5827580934
6155285858
5703538390
5356211682
5821937502
5239677927
1001484109
6091398435
5975018879
1979483469
5002319965
5478180162
1247523676
6171456139
5968259402
6210859913
1888710335
6109257371
5499935028
5766656715
5427198382
5230139551
5435556911
6193752428
2129811444
2072356046
6283291080
6125809631
5923988010
5975404753
5775879575
1958047455
6255493563
5098935434
6077135716
1983847832
5842605511
6002310642
6279916111
5049935303
5265088390
6090803979
374981994
861307545
5363238828
6266230849
6114315900
5895705507
6201280617
6008018745
5197446207
1448001693
5833753709
1759223214
5933068762
5741746042
6202139287
1460561499
6169887486
1452314246
5448642653
5345233029
6061702822
1983379011
5052155599
5547853951
5672389318
6031724059
6082146092
2098523634
6182629781
5365091352
5999306446
5847901992
1693716847
5531418597
5415611901
6209688920
922310122
1430411250
5737711175
6295548589
1995449013
6094673477
1457040291
5805240225
5530736812
5696077420
1427579965
